 0      0        0.0000000000       -2.3561944902
 0      1        0.0000000000       -2.4980915448
 0      2        0.0000000000       -2.6779450446
 0      3        0.0000000000       -2.8966139905
 0      4        0.0000000000        3.1415926536
 0      5        0.0000000000        2.8966139905
 0      6        0.0000000000        2.6779450446
 0      7        0.0000000000        2.4980915448
 0      8        0.0000000000       -2.3561944902
 0      9        0.0000000000       -2.4980915448
 0     10        0.0000000000       -2.6779450446
 0     11        0.0000000000       -2.8966139905
 0     12        0.0000000000        3.1415926536
 0     13        0.0000000000        2.8966139905
 0     14        0.0000000000        2.6779450446
 0     15        0.0000000000        2.4980915448
 0     16        0.0000000000       -2.3561944902
 0     17        0.0000000000       -2.4980915448
 0     18        0.0000000000       -2.6779450446
 0     19        0.0000000000       -2.8966139905
 0     20        0.0000000000        3.1415926536
 0     21        0.0000000000        2.8966139905
 0     22        0.0000000000        2.6779450446
 0     23        0.0000000000        2.4980915448
 0     24        0.0000000000       -2.3561944902
 0     25        0.0000000000       -2.4980915448
 0     26        0.0000000000       -2.6779450446
 0     27        0.0000000000       -2.8966139905
 0     28        0.0000000000        3.1415926536
 0     29        0.0000000000        2.8966139905
 0     30        0.0000000000        2.6779450446
 0     31        0.0000000000        2.4980915448
 0     32        0.0000000000       -2.3561944902

 1      0        0.0000000000       -2.2142974356
 1      1        0.0000000000       -2.3561944902
 1      2        0.3097993038       -2.5535900500
 1      3        0.6579455871       -2.8198420992
 1      4        0.7853981634        3.1415926536
 1      5        0.6579455871        2.8198420992
 1      6        0.3097993038        2.5535900500
 1      7        0.0000000000        2.3561944902
 1      8        0.0000000000       -2.2142974356
 1      9        0.0000000000       -2.3561944902
 1     10        0.3097993038       -2.5535900500
 1     11        0.6579455871       -2.8198420992
 1     12        0.7853981634        3.1415926536
 1     13        0.6579455871        2.8198420992
 1     14        0.3097993038        2.5535900500
 1     15        0.0000000000        2.3561944902
 1     16        0.0000000000       -2.2142974356
 1     17        0.0000000000       -2.3561944902
 1     18        0.3097993038       -2.5535900500
 1     19        0.6579455871       -2.8198420992
 1     20        0.7853981634        3.1415926536
 1     21        0.6579455871        2.8198420992
 1     22        0.3097993038        2.5535900500
 1     23        0.0000000000        2.3561944902
 1     24        0.0000000000       -2.2142974356
 1     25        0.0000000000       -2.3561944902
 1     26        0.3097993038       -2.5535900500
 1     27        0.6579455871       -2.8198420992
 1     28        0.7853981634        3.1415926536
 1     29        0.6579455871        2.8198420992
 1     30        0.3097993038        2.5535900500
 1     31        0.0000000000        2.3561944902
 1     32        0.0000000000       -2.2142974356

 2      0        0.0000000000       -2.0344439358
 2      1        0.3097993038       -2.1587989303
 2      2        0.9201511845       -2.3561944902
 2      3        1.3853889708       -2.6779450446
 2      4        1.5707963268        3.1415926536
 2      5        1.3853889708        2.6779450446
 2      6        0.9201511845        2.3561944902
 2      7        0.3097993038        2.1587989303
 2      8        0.0000000000       -2.0344439358
 2      9        0.3097993038       -2.1587989303
 2     10        0.9201511845       -2.3561944902
 2     11        1.3853889708       -2.6779450446
 2     12        1.5707963268        3.1415926536
 2     13        1.3853889708        2.6779450446
 2     14        0.9201511845        2.3561944902
 2     15        0.3097993038        2.1587989303
 2     16        0.0000000000       -2.0344439358
 2     17        0.3097993038       -2.1587989303
 2     18        0.9201511845       -2.3561944902
 2     19        1.3853889708       -2.6779450446
 2     20        1.5707963268        3.1415926536
 2     21        1.3853889708        2.6779450446
 2     22        0.9201511845        2.3561944902
 2     23        0.3097993038        2.1587989303
 2     24        0.0000000000       -2.0344439358
 2     25        0.3097993038       -2.1587989303
 2     26        0.9201511845       -2.3561944902
 2     27        1.3853889708       -2.6779450446
 2     28        1.5707963268        3.1415926536
 2     29        1.3853889708        2.6779450446
 2     30        0.9201511845        2.3561944902
 2     31        0.3097993038        2.1587989303
 2     32        0.0000000000       -2.0344439358

 3      0        0.0000000000       -1.8157749899
 3      1        0.6579455871       -1.8925468812
 3      2        1.3853889708       -2.0344439358
 3      3        2.0308719190       -2.3561944902
 3      4        2.3561944901        3.1415926536
 3      5        2.0308719190        2.3561944902
 3      6        1.3853889708        2.0344439358
 3      7        0.6579455871        1.8925468812
 3      8        0.0000000000       -1.8157749899
 3      9        0.6579455871       -1.8925468812
 3     10        1.3853889708       -2.0344439358
 3     11        2.0308719190       -2.3561944902
 3     12        2.3561944901        3.1415926536
 3     13        2.0308719190        2.3561944902
 3     14        1.3853889708        2.0344439358
 3     15        0.6579455871        1.8925468812
 3     16        0.0000000000       -1.8157749899
 3     17        0.6579455871       -1.8925468812
 3     18        1.3853889708       -2.0344439358
 3     19        2.0308719190       -2.3561944902
 3     20        2.3561944901        3.1415926536
 3     21        2.0308719190        2.3561944902
 3     22        1.3853889708        2.0344439358
 3     23        0.6579455871        1.8925468812
 3     24        0.0000000000       -1.8157749899
 3     25        0.6579455871       -1.8925468812
 3     26        1.3853889708       -2.0344439358
 3     27        2.0308719190       -2.3561944902
 3     28        2.3561944901        3.1415926536
 3     29        2.0308719190        2.3561944902
 3     30        1.3853889708        2.0344439358
 3     31        0.6579455871        1.8925468812
 3     32        0.0000000000       -1.8157749899

 4      0        0.0000000000       -1.5707963268
 4      1        0.7853981634       -1.5707963268
 4      2        1.5707963268       -1.5707963268
 4      3        2.3561944901       -1.5707963268
 4      4        3.1415926535        0.0000000000
 4      5        2.3561944901        1.5707963268
 4      6        1.5707963268        1.5707963268
 4      7        0.7853981634        1.5707963268
 4      8        0.0000000000       -1.5707963268
 4      9        0.7853981634       -1.5707963268
 4     10        1.5707963268       -1.5707963268
 4     11        2.3561944901       -1.5707963268
 4     12        3.1415926535        0.0000000000
 4     13        2.3561944901        1.5707963268
 4     14        1.5707963268        1.5707963268
 4     15        0.7853981634        1.5707963268
 4     16        0.0000000000       -1.5707963268
 4     17        0.7853981634       -1.5707963268
 4     18        1.5707963268       -1.5707963268
 4     19        2.3561944901       -1.5707963268
 4     20        3.1415926535        0.0000000000
 4     21        2.3561944901        1.5707963268
 4     22        1.5707963268        1.5707963268
 4     23        0.7853981634        1.5707963268
 4     24        0.0000000000       -1.5707963268
 4     25        0.7853981634       -1.5707963268
 4     26        1.5707963268       -1.5707963268
 4     27        2.3561944901       -1.5707963268
 4     28        3.1415926535        0.0000000000
 4     29        2.3561944901        1.5707963268
 4     30        1.5707963268        1.5707963268
 4     31        0.7853981634        1.5707963268
 4     32        0.0000000000       -1.5707963268

 5      0        0.0000000000       -1.3258176637
 5      1        0.6579455871       -1.2490457724
 5      2        1.3853889708       -1.1071487178
 5      3        2.0308719190       -0.7853981634
 5      4        2.3561944901        0.0000000000
 5      5        2.0308719190        0.7853981634
 5      6        1.3853889708        1.1071487178
 5      7        0.6579455871        1.2490457724
 5      8        0.0000000000       -1.3258176637
 5      9        0.6579455871       -1.2490457724
 5     10        1.3853889708       -1.1071487178
 5     11        2.0308719190       -0.7853981634
 5     12        2.3561944901        0.0000000000
 5     13        2.0308719190        0.7853981634
 5     14        1.3853889708        1.1071487178
 5     15        0.6579455871        1.2490457724
 5     16        0.0000000000       -1.3258176637
 5     17        0.6579455871       -1.2490457724
 5     18        1.3853889708       -1.1071487178
 5     19        2.0308719190       -0.7853981634
 5     20        2.3561944901        0.0000000000
 5     21        2.0308719190        0.7853981634
 5     22        1.3853889708        1.1071487178
 5     23        0.6579455871        1.2490457724
 5     24        0.0000000000       -1.3258176637
 5     25        0.6579455871       -1.2490457724
 5     26        1.3853889708       -1.1071487178
 5     27        2.0308719190       -0.7853981634
 5     28        2.3561944901        0.0000000000
 5     29        2.0308719190        0.7853981634
 5     30        1.3853889708        1.1071487178
 5     31        0.6579455871        1.2490457724
 5     32        0.0000000000       -1.3258176637

 6      0        0.0000000000       -1.1071487178
 6      1        0.3097993038       -0.9827937232
 6      2        0.9201511845       -0.7853981634
 6      3        1.3853889708       -0.4636476090
 6      4        1.5707963268        0.0000000000
 6      5        1.3853889708        0.4636476090
 6      6        0.9201511845        0.7853981634
 6      7        0.3097993038        0.9827937232
 6      8        0.0000000000       -1.1071487178
 6      9        0.3097993038       -0.9827937232
 6     10        0.9201511845       -0.7853981634
 6     11        1.3853889708       -0.4636476090
 6     12        1.5707963268        0.0000000000
 6     13        1.3853889708        0.4636476090
 6     14        0.9201511845        0.7853981634
 6     15        0.3097993038        0.9827937232
 6     16        0.0000000000       -1.1071487178
 6     17        0.3097993038       -0.9827937232
 6     18        0.9201511845       -0.7853981634
 6     19        1.3853889708       -0.4636476090
 6     20        1.5707963268        0.0000000000
 6     21        1.3853889708        0.4636476090
 6     22        0.9201511845        0.7853981634
 6     23        0.3097993038        0.9827937232
 6     24        0.0000000000       -1.1071487178
 6     25        0.3097993038       -0.9827937232
 6     26        0.9201511845       -0.7853981634
 6     27        1.3853889708       -0.4636476090
 6     28        1.5707963268        0.0000000000
 6     29        1.3853889708        0.4636476090
 6     30        0.9201511845        0.7853981634
 6     31        0.3097993038        0.9827937232
 6     32        0.0000000000       -1.1071487178

 7      0        0.0000000000       -0.9272952180
 7      1        0.0000000000       -0.7853981634
 7      2        0.3097993038       -0.5880026035
 7      3        0.6579455871       -0.3217505544
 7      4        0.7853981634        0.0000000000
 7      5        0.6579455871        0.3217505544
 7      6        0.3097993038        0.5880026035
 7      7        0.0000000000        0.7853981634
 7      8        0.0000000000       -0.9272952180
 7      9        0.0000000000       -0.7853981634
 7     10        0.3097993038       -0.5880026035
 7     11        0.6579455871       -0.3217505544
 7     12        0.7853981634        0.0000000000
 7     13        0.6579455871        0.3217505544
 7     14        0.3097993038        0.5880026035
 7     15        0.0000000000        0.7853981634
 7     16        0.0000000000       -0.9272952180
 7     17        0.0000000000       -0.7853981634
 7     18        0.3097993038       -0.5880026035
 7     19        0.6579455871       -0.3217505544
 7     20        0.7853981634        0.0000000000
 7     21        0.6579455871        0.3217505544
 7     22        0.3097993038        0.5880026035
 7     23        0.0000000000        0.7853981634
 7     24        0.0000000000       -0.9272952180
 7     25        0.0000000000       -0.7853981634
 7     26        0.3097993038       -0.5880026035
 7     27        0.6579455871       -0.3217505544
 7     28        0.7853981634        0.0000000000
 7     29        0.6579455871        0.3217505544
 7     30        0.3097993038        0.5880026035
 7     31        0.0000000000        0.7853981634
 7     32        0.0000000000       -0.9272952180

 8      0        0.0000000000       -2.3561944902
 8      1        0.0000000000       -2.4980915448
 8      2        0.0000000000       -2.6779450446
 8      3        0.0000000000       -2.8966139905
 8      4        0.0000000000        3.1415926536
 8      5        0.0000000000        2.8966139905
 8      6        0.0000000000        2.6779450446
 8      7        0.0000000000        2.4980915448
 8      8        0.0000000000       -2.3561944902
 8      9        0.0000000000       -2.4980915448
 8     10        0.0000000000       -2.6779450446
 8     11        0.0000000000       -2.8966139905
 8     12        0.0000000000        3.1415926536
 8     13        0.0000000000        2.8966139905
 8     14        0.0000000000        2.6779450446
 8     15        0.0000000000        2.4980915448
 8     16        0.0000000000       -2.3561944902
 8     17        0.0000000000       -2.4980915448
 8     18        0.0000000000       -2.6779450446
 8     19        0.0000000000       -2.8966139905
 8     20        0.0000000000        3.1415926536
 8     21        0.0000000000        2.8966139905
 8     22        0.0000000000        2.6779450446
 8     23        0.0000000000        2.4980915448
 8     24        0.0000000000       -2.3561944902
 8     25        0.0000000000       -2.4980915448
 8     26        0.0000000000       -2.6779450446
 8     27        0.0000000000       -2.8966139905
 8     28        0.0000000000        3.1415926536
 8     29        0.0000000000        2.8966139905
 8     30        0.0000000000        2.6779450446
 8     31        0.0000000000        2.4980915448
 8     32        0.0000000000       -2.3561944902

 9      0        0.0000000000       -2.2142974356
 9      1        0.0000000000       -2.3561944902
 9      2        0.3097993038       -2.5535900500
 9      3        0.6579455871       -2.8198420992
 9      4        0.7853981634        3.1415926536
 9      5        0.6579455871        2.8198420992
 9      6        0.3097993038        2.5535900500
 9      7        0.0000000000        2.3561944902
 9      8        0.0000000000       -2.2142974356
 9      9        0.0000000000       -2.3561944902
 9     10        0.3097993038       -2.5535900500
 9     11        0.6579455871       -2.8198420992
 9     12        0.7853981634        3.1415926536
 9     13        0.6579455871        2.8198420992
 9     14        0.3097993038        2.5535900500
 9     15        0.0000000000        2.3561944902
 9     16        0.0000000000       -2.2142974356
 9     17        0.0000000000       -2.3561944902
 9     18        0.3097993038       -2.5535900500
 9     19        0.6579455871       -2.8198420992
 9     20        0.7853981634        3.1415926536
 9     21        0.6579455871        2.8198420992
 9     22        0.3097993038        2.5535900500
 9     23        0.0000000000        2.3561944902
 9     24        0.0000000000       -2.2142974356
 9     25        0.0000000000       -2.3561944902
 9     26        0.3097993038       -2.5535900500
 9     27        0.6579455871       -2.8198420992
 9     28        0.7853981634        3.1415926536
 9     29        0.6579455871        2.8198420992
 9     30        0.3097993038        2.5535900500
 9     31        0.0000000000        2.3561944902
 9     32        0.0000000000       -2.2142974356

10      0        0.0000000000       -2.0344439358
10      1        0.3097993038       -2.1587989303
10      2        0.9201511845       -2.3561944902
10      3        1.3853889708       -2.6779450446
10      4        1.5707963268        3.1415926536
10      5        1.3853889708        2.6779450446
10      6        0.9201511845        2.3561944902
10      7        0.3097993038        2.1587989303
10      8        0.0000000000       -2.0344439358
10      9        0.3097993038       -2.1587989303
10     10        0.9201511845       -2.3561944902
10     11        1.3853889708       -2.6779450446
10     12        1.5707963268        3.1415926536
10     13        1.3853889708        2.6779450446
10     14        0.9201511845        2.3561944902
10     15        0.3097993038        2.1587989303
10     16        0.0000000000       -2.0344439358
10     17        0.3097993038       -2.1587989303
10     18        0.9201511845       -2.3561944902
10     19        1.3853889708       -2.6779450446
10     20        1.5707963268        3.1415926536
10     21        1.3853889708        2.6779450446
10     22        0.9201511845        2.3561944902
10     23        0.3097993038        2.1587989303
10     24        0.0000000000       -2.0344439358
10     25        0.3097993038       -2.1587989303
10     26        0.9201511845       -2.3561944902
10     27        1.3853889708       -2.6779450446
10     28        1.5707963268        3.1415926536
10     29        1.3853889708        2.6779450446
10     30        0.9201511845        2.3561944902
10     31        0.3097993038        2.1587989303
10     32        0.0000000000       -2.0344439358

11      0        0.0000000000       -1.8157749899
11      1        0.6579455871       -1.8925468812
11      2        1.3853889708       -2.0344439358
11      3        2.0308719190       -2.3561944902
11      4        2.3561944901        3.1415926536
11      5        2.0308719190        2.3561944902
11      6        1.3853889708        2.0344439358
11      7        0.6579455871        1.8925468812
11      8        0.0000000000       -1.8157749899
11      9        0.6579455871       -1.8925468812
11     10        1.3853889708       -2.0344439358
11     11        2.0308719190       -2.3561944902
11     12        2.3561944901        3.1415926536
11     13        2.0308719190        2.3561944902
11     14        1.3853889708        2.0344439358
11     15        0.6579455871        1.8925468812
11     16        0.0000000000       -1.8157749899
11     17        0.6579455871       -1.8925468812
11     18        1.3853889708       -2.0344439358
11     19        2.0308719190       -2.3561944902
11     20        2.3561944901        3.1415926536
11     21        2.0308719190        2.3561944902
11     22        1.3853889708        2.0344439358
11     23        0.6579455871        1.8925468812
11     24        0.0000000000       -1.8157749899
11     25        0.6579455871       -1.8925468812
11     26        1.3853889708       -2.0344439358
11     27        2.0308719190       -2.3561944902
11     28        2.3561944901        3.1415926536
11     29        2.0308719190        2.3561944902
11     30        1.3853889708        2.0344439358
11     31        0.6579455871        1.8925468812
11     32        0.0000000000       -1.8157749899

12      0        0.0000000000       -1.5707963268
12      1        0.7853981634       -1.5707963268
12      2        1.5707963268       -1.5707963268
12      3        2.3561944901       -1.5707963268
12      4        3.1415926535        0.0000000000
12      5        2.3561944901        1.5707963268
12      6        1.5707963268        1.5707963268
12      7        0.7853981634        1.5707963268
12      8        0.0000000000       -1.5707963268
12      9        0.7853981634       -1.5707963268
12     10        1.5707963268       -1.5707963268
12     11        2.3561944901       -1.5707963268
12     12        3.1415926535        0.0000000000
12     13        2.3561944901        1.5707963268
12     14        1.5707963268        1.5707963268
12     15        0.7853981634        1.5707963268
12     16        0.0000000000       -1.5707963268
12     17        0.7853981634       -1.5707963268
12     18        1.5707963268       -1.5707963268
12     19        2.3561944901       -1.5707963268
12     20        3.1415926535        0.0000000000
12     21        2.3561944901        1.5707963268
12     22        1.5707963268        1.5707963268
12     23        0.7853981634        1.5707963268
12     24        0.0000000000       -1.5707963268
12     25        0.7853981634       -1.5707963268
12     26        1.5707963268       -1.5707963268
12     27        2.3561944901       -1.5707963268
12     28        3.1415926535        0.0000000000
12     29        2.3561944901        1.5707963268
12     30        1.5707963268        1.5707963268
12     31        0.7853981634        1.5707963268
12     32        0.0000000000       -1.5707963268

13      0        0.0000000000       -1.3258176637
13      1        0.6579455871       -1.2490457724
13      2        1.3853889708       -1.1071487178
13      3        2.0308719190       -0.7853981634
13      4        2.3561944901        0.0000000000
13      5        2.0308719190        0.7853981634
13      6        1.3853889708        1.1071487178
13      7        0.6579455871        1.2490457724
13      8        0.0000000000       -1.3258176637
13      9        0.6579455871       -1.2490457724
13     10        1.3853889708       -1.1071487178
13     11        2.0308719190       -0.7853981634
13     12        2.3561944901        0.0000000000
13     13        2.0308719190        0.7853981634
13     14        1.3853889708        1.1071487178
13     15        0.6579455871        1.2490457724
13     16        0.0000000000       -1.3258176637
13     17        0.6579455871       -1.2490457724
13     18        1.3853889708       -1.1071487178
13     19        2.0308719190       -0.7853981634
13     20        2.3561944901        0.0000000000
13     21        2.0308719190        0.7853981634
13     22        1.3853889708        1.1071487178
13     23        0.6579455871        1.2490457724
13     24        0.0000000000       -1.3258176637
13     25        0.6579455871       -1.2490457724
13     26        1.3853889708       -1.1071487178
13     27        2.0308719190       -0.7853981634
13     28        2.3561944901        0.0000000000
13     29        2.0308719190        0.7853981634
13     30        1.3853889708        1.1071487178
13     31        0.6579455871        1.2490457724
13     32        0.0000000000       -1.3258176637

14      0        0.0000000000       -1.1071487178
14      1        0.3097993038       -0.9827937232
14      2        0.9201511845       -0.7853981634
14      3        1.3853889708       -0.4636476090
14      4        1.5707963268        0.0000000000
14      5        1.3853889708        0.4636476090
14      6        0.9201511845        0.7853981634
14      7        0.3097993038        0.9827937232
14      8        0.0000000000       -1.1071487178
14      9        0.3097993038       -0.9827937232
14     10        0.9201511845       -0.7853981634
14     11        1.3853889708       -0.4636476090
14     12        1.5707963268        0.0000000000
14     13        1.3853889708        0.4636476090
14     14        0.9201511845        0.7853981634
14     15        0.3097993038        0.9827937232
14     16        0.0000000000       -1.1071487178
14     17        0.3097993038       -0.9827937232
14     18        0.9201511845       -0.7853981634
14     19        1.3853889708       -0.4636476090
14     20        1.5707963268        0.0000000000
14     21        1.3853889708        0.4636476090
14     22        0.9201511845        0.7853981634
14     23        0.3097993038        0.9827937232
14     24        0.0000000000       -1.1071487178
14     25        0.3097993038       -0.9827937232
14     26        0.9201511845       -0.7853981634
14     27        1.3853889708       -0.4636476090
14     28        1.5707963268        0.0000000000
14     29        1.3853889708        0.4636476090
14     30        0.9201511845        0.7853981634
14     31        0.3097993038        0.9827937232
14     32        0.0000000000       -1.1071487178

15      0        0.0000000000       -0.9272952180
15      1        0.0000000000       -0.7853981634
15      2        0.3097993038       -0.5880026035
15      3        0.6579455871       -0.3217505544
15      4        0.7853981634        0.0000000000
15      5        0.6579455871        0.3217505544
15      6        0.3097993038        0.5880026035
15      7        0.0000000000        0.7853981634
15      8        0.0000000000       -0.9272952180
15      9        0.0000000000       -0.7853981634
15     10        0.3097993038       -0.5880026035
15     11        0.6579455871       -0.3217505544
15     12        0.7853981634        0.0000000000
15     13        0.6579455871        0.3217505544
15     14        0.3097993038        0.5880026035
15     15        0.0000000000        0.7853981634
15     16        0.0000000000       -0.9272952180
15     17        0.0000000000       -0.7853981634
15     18        0.3097993038       -0.5880026035
15     19        0.6579455871       -0.3217505544
15     20        0.7853981634        0.0000000000
15     21        0.6579455871        0.3217505544
15     22        0.3097993038        0.5880026035
15     23        0.0000000000        0.7853981634
15     24        0.0000000000       -0.9272952180
15     25        0.0000000000       -0.7853981634
15     26        0.3097993038       -0.5880026035
15     27        0.6579455871       -0.3217505544
15     28        0.7853981634        0.0000000000
15     29        0.6579455871        0.3217505544
15     30        0.3097993038        0.5880026035
15     31        0.0000000000        0.7853981634
15     32        0.0000000000       -0.9272952180

16      0        0.0000000000       -2.3561944902
16      1        0.0000000000       -2.4980915448
16      2        0.0000000000       -2.6779450446
16      3        0.0000000000       -2.8966139905
16      4        0.0000000000        3.1415926536
16      5        0.0000000000        2.8966139905
16      6        0.0000000000        2.6779450446
16      7        0.0000000000        2.4980915448
16      8        0.0000000000       -2.3561944902
16      9        0.0000000000       -2.4980915448
16     10        0.0000000000       -2.6779450446
16     11        0.0000000000       -2.8966139905
16     12        0.0000000000        3.1415926536
16     13        0.0000000000        2.8966139905
16     14        0.0000000000        2.6779450446
16     15        0.0000000000        2.4980915448
16     16        0.0000000000       -2.3561944902
16     17        0.0000000000       -2.4980915448
16     18        0.0000000000       -2.6779450446
16     19        0.0000000000       -2.8966139905
16     20        0.0000000000        3.1415926536
16     21        0.0000000000        2.8966139905
16     22        0.0000000000        2.6779450446
16     23        0.0000000000        2.4980915448
16     24        0.0000000000       -2.3561944902
16     25        0.0000000000       -2.4980915448
16     26        0.0000000000       -2.6779450446
16     27        0.0000000000       -2.8966139905
16     28        0.0000000000        3.1415926536
16     29        0.0000000000        2.8966139905
16     30        0.0000000000        2.6779450446
16     31        0.0000000000        2.4980915448
16     32        0.0000000000       -2.3561944902

17      0        0.0000000000       -2.2142974356
17      1        0.0000000000       -2.3561944902
17      2        0.3097993038       -2.5535900500
17      3        0.6579455871       -2.8198420992
17      4        0.7853981634        3.1415926536
17      5        0.6579455871        2.8198420992
17      6        0.3097993038        2.5535900500
17      7        0.0000000000        2.3561944902
17      8        0.0000000000       -2.2142974356
17      9        0.0000000000       -2.3561944902
17     10        0.3097993038       -2.5535900500
17     11        0.6579455871       -2.8198420992
17     12        0.7853981634        3.1415926536
17     13        0.6579455871        2.8198420992
17     14        0.3097993038        2.5535900500
17     15        0.0000000000        2.3561944902
17     16        0.0000000000       -2.2142974356
17     17        0.0000000000       -2.3561944902
17     18        0.3097993038       -2.5535900500
17     19        0.6579455871       -2.8198420992
17     20        0.7853981634        3.1415926536
17     21        0.6579455871        2.8198420992
17     22        0.3097993038        2.5535900500
17     23        0.0000000000        2.3561944902
17     24        0.0000000000       -2.2142974356
17     25        0.0000000000       -2.3561944902
17     26        0.3097993038       -2.5535900500
17     27        0.6579455871       -2.8198420992
17     28        0.7853981634        3.1415926536
17     29        0.6579455871        2.8198420992
17     30        0.3097993038        2.5535900500
17     31        0.0000000000        2.3561944902
17     32        0.0000000000       -2.2142974356

18      0        0.0000000000       -2.0344439358
18      1        0.3097993038       -2.1587989303
18      2        0.9201511845       -2.3561944902
18      3        1.3853889708       -2.6779450446
18      4        1.5707963268        3.1415926536
18      5        1.3853889708        2.6779450446
18      6        0.9201511845        2.3561944902
18      7        0.3097993038        2.1587989303
18      8        0.0000000000       -2.0344439358
18      9        0.3097993038       -2.1587989303
18     10        0.9201511845       -2.3561944902
18     11        1.3853889708       -2.6779450446
18     12        1.5707963268        3.1415926536
18     13        1.3853889708        2.6779450446
18     14        0.9201511845        2.3561944902
18     15        0.3097993038        2.1587989303
18     16        0.0000000000       -2.0344439358
18     17        0.3097993038       -2.1587989303
18     18        0.9201511845       -2.3561944902
18     19        1.3853889708       -2.6779450446
18     20        1.5707963268        3.1415926536
18     21        1.3853889708        2.6779450446
18     22        0.9201511845        2.3561944902
18     23        0.3097993038        2.1587989303
18     24        0.0000000000       -2.0344439358
18     25        0.3097993038       -2.1587989303
18     26        0.9201511845       -2.3561944902
18     27        1.3853889708       -2.6779450446
18     28        1.5707963268        3.1415926536
18     29        1.3853889708        2.6779450446
18     30        0.9201511845        2.3561944902
18     31        0.3097993038        2.1587989303
18     32        0.0000000000       -2.0344439358

19      0        0.0000000000       -1.8157749899
19      1        0.6579455871       -1.8925468812
19      2        1.3853889708       -2.0344439358
19      3        2.0308719190       -2.3561944902
19      4        2.3561944901        3.1415926536
19      5        2.0308719190        2.3561944902
19      6        1.3853889708        2.0344439358
19      7        0.6579455871        1.8925468812
19      8        0.0000000000       -1.8157749899
19      9        0.6579455871       -1.8925468812
19     10        1.3853889708       -2.0344439358
19     11        2.0308719190       -2.3561944902
19     12        2.3561944901        3.1415926536
19     13        2.0308719190        2.3561944902
19     14        1.3853889708        2.0344439358
19     15        0.6579455871        1.8925468812
19     16        0.0000000000       -1.8157749899
19     17        0.6579455871       -1.8925468812
19     18        1.3853889708       -2.0344439358
19     19        2.0308719190       -2.3561944902
19     20        2.3561944901        3.1415926536
19     21        2.0308719190        2.3561944902
19     22        1.3853889708        2.0344439358
19     23        0.6579455871        1.8925468812
19     24        0.0000000000       -1.8157749899
19     25        0.6579455871       -1.8925468812
19     26        1.3853889708       -2.0344439358
19     27        2.0308719190       -2.3561944902
19     28        2.3561944901        3.1415926536
19     29        2.0308719190        2.3561944902
19     30        1.3853889708        2.0344439358
19     31        0.6579455871        1.8925468812
19     32        0.0000000000       -1.8157749899

20      0        0.0000000000       -1.5707963268
20      1        0.7853981634       -1.5707963268
20      2        1.5707963268       -1.5707963268
20      3        2.3561944901       -1.5707963268
20      4        3.1415926535        0.0000000000
20      5        2.3561944901        1.5707963268
20      6        1.5707963268        1.5707963268
20      7        0.7853981634        1.5707963268
20      8        0.0000000000       -1.5707963268
20      9        0.7853981634       -1.5707963268
20     10        1.5707963268       -1.5707963268
20     11        2.3561944901       -1.5707963268
20     12        3.1415926535        0.0000000000
20     13        2.3561944901        1.5707963268
20     14        1.5707963268        1.5707963268
20     15        0.7853981634        1.5707963268
20     16        0.0000000000       -1.5707963268
20     17        0.7853981634       -1.5707963268
20     18        1.5707963268       -1.5707963268
20     19        2.3561944901       -1.5707963268
20     20        3.1415926535        0.0000000000
20     21        2.3561944901        1.5707963268
20     22        1.5707963268        1.5707963268
20     23        0.7853981634        1.5707963268
20     24        0.0000000000       -1.5707963268
20     25        0.7853981634       -1.5707963268
20     26        1.5707963268       -1.5707963268
20     27        2.3561944901       -1.5707963268
20     28        3.1415926535        0.0000000000
20     29        2.3561944901        1.5707963268
20     30        1.5707963268        1.5707963268
20     31        0.7853981634        1.5707963268
20     32        0.0000000000       -1.5707963268

21      0        0.0000000000       -1.3258176637
21      1        0.6579455871       -1.2490457724
21      2        1.3853889708       -1.1071487178
21      3        2.0308719190       -0.7853981634
21      4        2.3561944901        0.0000000000
21      5        2.0308719190        0.7853981634
21      6        1.3853889708        1.1071487178
21      7        0.6579455871        1.2490457724
21      8        0.0000000000       -1.3258176637
21      9        0.6579455871       -1.2490457724
21     10        1.3853889708       -1.1071487178
21     11        2.0308719190       -0.7853981634
21     12        2.3561944901        0.0000000000
21     13        2.0308719190        0.7853981634
21     14        1.3853889708        1.1071487178
21     15        0.6579455871        1.2490457724
21     16        0.0000000000       -1.3258176637
21     17        0.6579455871       -1.2490457724
21     18        1.3853889708       -1.1071487178
21     19        2.0308719190       -0.7853981634
21     20        2.3561944901        0.0000000000
21     21        2.0308719190        0.7853981634
21     22        1.3853889708        1.1071487178
21     23        0.6579455871        1.2490457724
21     24        0.0000000000       -1.3258176637
21     25        0.6579455871       -1.2490457724
21     26        1.3853889708       -1.1071487178
21     27        2.0308719190       -0.7853981634
21     28        2.3561944901        0.0000000000
21     29        2.0308719190        0.7853981634
21     30        1.3853889708        1.1071487178
21     31        0.6579455871        1.2490457724
21     32        0.0000000000       -1.3258176637

22      0        0.0000000000       -1.1071487178
22      1        0.3097993038       -0.9827937232
22      2        0.9201511845       -0.7853981634
22      3        1.3853889708       -0.4636476090
22      4        1.5707963268        0.0000000000
22      5        1.3853889708        0.4636476090
22      6        0.9201511845        0.7853981634
22      7        0.3097993038        0.9827937232
22      8        0.0000000000       -1.1071487178
22      9        0.3097993038       -0.9827937232
22     10        0.9201511845       -0.7853981634
22     11        1.3853889708       -0.4636476090
22     12        1.5707963268        0.0000000000
22     13        1.3853889708        0.4636476090
22     14        0.9201511845        0.7853981634
22     15        0.3097993038        0.9827937232
22     16        0.0000000000       -1.1071487178
22     17        0.3097993038       -0.9827937232
22     18        0.9201511845       -0.7853981634
22     19        1.3853889708       -0.4636476090
22     20        1.5707963268        0.0000000000
22     21        1.3853889708        0.4636476090
22     22        0.9201511845        0.7853981634
22     23        0.3097993038        0.9827937232
22     24        0.0000000000       -1.1071487178
22     25        0.3097993038       -0.9827937232
22     26        0.9201511845       -0.7853981634
22     27        1.3853889708       -0.4636476090
22     28        1.5707963268        0.0000000000
22     29        1.3853889708        0.4636476090
22     30        0.9201511845        0.7853981634
22     31        0.3097993038        0.9827937232
22     32        0.0000000000       -1.1071487178

23      0        0.0000000000       -0.9272952180
23      1        0.0000000000       -0.7853981634
23      2        0.3097993038       -0.5880026035
23      3        0.6579455871       -0.3217505544
23      4        0.7853981634        0.0000000000
23      5        0.6579455871        0.3217505544
23      6        0.3097993038        0.5880026035
23      7        0.0000000000        0.7853981634
23      8        0.0000000000       -0.9272952180
23      9        0.0000000000       -0.7853981634
23     10        0.3097993038       -0.5880026035
23     11        0.6579455871       -0.3217505544
23     12        0.7853981634        0.0000000000
23     13        0.6579455871        0.3217505544
23     14        0.3097993038        0.5880026035
23     15        0.0000000000        0.7853981634
23     16        0.0000000000       -0.9272952180
23     17        0.0000000000       -0.7853981634
23     18        0.3097993038       -0.5880026035
23     19        0.6579455871       -0.3217505544
23     20        0.7853981634        0.0000000000
23     21        0.6579455871        0.3217505544
23     22        0.3097993038        0.5880026035
23     23        0.0000000000        0.7853981634
23     24        0.0000000000       -0.9272952180
23     25        0.0000000000       -0.7853981634
23     26        0.3097993038       -0.5880026035
23     27        0.6579455871       -0.3217505544
23     28        0.7853981634        0.0000000000
23     29        0.6579455871        0.3217505544
23     30        0.3097993038        0.5880026035
23     31        0.0000000000        0.7853981634
23     32        0.0000000000       -0.9272952180

24      0        0.0000000000       -2.3561944902
24      1        0.0000000000       -2.4980915448
24      2        0.0000000000       -2.6779450446
24      3        0.0000000000       -2.8966139905
24      4        0.0000000000        3.1415926536
24      5        0.0000000000        2.8966139905
24      6        0.0000000000        2.6779450446
24      7        0.0000000000        2.4980915448
24      8        0.0000000000       -2.3561944902
24      9        0.0000000000       -2.4980915448
24     10        0.0000000000       -2.6779450446
24     11        0.0000000000       -2.8966139905
24     12        0.0000000000        3.1415926536
24     13        0.0000000000        2.8966139905
24     14        0.0000000000        2.6779450446
24     15        0.0000000000        2.4980915448
24     16        0.0000000000       -2.3561944902
24     17        0.0000000000       -2.4980915448
24     18        0.0000000000       -2.6779450446
24     19        0.0000000000       -2.8966139905
24     20        0.0000000000        3.1415926536
24     21        0.0000000000        2.8966139905
24     22        0.0000000000        2.6779450446
24     23        0.0000000000        2.4980915448
24     24        0.0000000000       -2.3561944902
24     25        0.0000000000       -2.4980915448
24     26        0.0000000000       -2.6779450446
24     27        0.0000000000       -2.8966139905
24     28        0.0000000000        3.1415926536
24     29        0.0000000000        2.8966139905
24     30        0.0000000000        2.6779450446
24     31        0.0000000000        2.4980915448
24     32        0.0000000000       -2.3561944902

25      0        0.0000000000       -2.2142974356
25      1        0.0000000000       -2.3561944902
25      2        0.3097993038       -2.5535900500
25      3        0.6579455871       -2.8198420992
25      4        0.7853981634        3.1415926536
25      5        0.6579455871        2.8198420992
25      6        0.3097993038        2.5535900500
25      7        0.0000000000        2.3561944902
25      8        0.0000000000       -2.2142974356
25      9        0.0000000000       -2.3561944902
25     10        0.3097993038       -2.5535900500
25     11        0.6579455871       -2.8198420992
25     12        0.7853981634        3.1415926536
25     13        0.6579455871        2.8198420992
25     14        0.3097993038        2.5535900500
25     15        0.0000000000        2.3561944902
25     16        0.0000000000       -2.2142974356
25     17        0.0000000000       -2.3561944902
25     18        0.3097993038       -2.5535900500
25     19        0.6579455871       -2.8198420992
25     20        0.7853981634        3.1415926536
25     21        0.6579455871        2.8198420992
25     22        0.3097993038        2.5535900500
25     23        0.0000000000        2.3561944902
25     24        0.0000000000       -2.2142974356
25     25        0.0000000000       -2.3561944902
25     26        0.3097993038       -2.5535900500
25     27        0.6579455871       -2.8198420992
25     28        0.7853981634        3.1415926536
25     29        0.6579455871        2.8198420992
25     30        0.3097993038        2.5535900500
25     31        0.0000000000        2.3561944902
25     32        0.0000000000       -2.2142974356

26      0        0.0000000000       -2.0344439358
26      1        0.3097993038       -2.1587989303
26      2        0.9201511845       -2.3561944902
26      3        1.3853889708       -2.6779450446
26      4        1.5707963268        3.1415926536
26      5        1.3853889708        2.6779450446
26      6        0.9201511845        2.3561944902
26      7        0.3097993038        2.1587989303
26      8        0.0000000000       -2.0344439358
26      9        0.3097993038       -2.1587989303
26     10        0.9201511845       -2.3561944902
26     11        1.3853889708       -2.6779450446
26     12        1.5707963268        3.1415926536
26     13        1.3853889708        2.6779450446
26     14        0.9201511845        2.3561944902
26     15        0.3097993038        2.1587989303
26     16        0.0000000000       -2.0344439358
26     17        0.3097993038       -2.1587989303
26     18        0.9201511845       -2.3561944902
26     19        1.3853889708       -2.6779450446
26     20        1.5707963268        3.1415926536
26     21        1.3853889708        2.6779450446
26     22        0.9201511845        2.3561944902
26     23        0.3097993038        2.1587989303
26     24        0.0000000000       -2.0344439358
26     25        0.3097993038       -2.1587989303
26     26        0.9201511845       -2.3561944902
26     27        1.3853889708       -2.6779450446
26     28        1.5707963268        3.1415926536
26     29        1.3853889708        2.6779450446
26     30        0.9201511845        2.3561944902
26     31        0.3097993038        2.1587989303
26     32        0.0000000000       -2.0344439358

27      0        0.0000000000       -1.8157749899
27      1        0.6579455871       -1.8925468812
27      2        1.3853889708       -2.0344439358
27      3        2.0308719190       -2.3561944902
27      4        2.3561944901        3.1415926536
27      5        2.0308719190        2.3561944902
27      6        1.3853889708        2.0344439358
27      7        0.6579455871        1.8925468812
27      8        0.0000000000       -1.8157749899
27      9        0.6579455871       -1.8925468812
27     10        1.3853889708       -2.0344439358
27     11        2.0308719190       -2.3561944902
27     12        2.3561944901        3.1415926536
27     13        2.0308719190        2.3561944902
27     14        1.3853889708        2.0344439358
27     15        0.6579455871        1.8925468812
27     16        0.0000000000       -1.8157749899
27     17        0.6579455871       -1.8925468812
27     18        1.3853889708       -2.0344439358
27     19        2.0308719190       -2.3561944902
27     20        2.3561944901        3.1415926536
27     21        2.0308719190        2.3561944902
27     22        1.3853889708        2.0344439358
27     23        0.6579455871        1.8925468812
27     24        0.0000000000       -1.8157749899
27     25        0.6579455871       -1.8925468812
27     26        1.3853889708       -2.0344439358
27     27        2.0308719190       -2.3561944902
27     28        2.3561944901        3.1415926536
27     29        2.0308719190        2.3561944902
27     30        1.3853889708        2.0344439358
27     31        0.6579455871        1.8925468812
27     32        0.0000000000       -1.8157749899

28      0        0.0000000000       -1.5707963268
28      1        0.7853981634       -1.5707963268
28      2        1.5707963268       -1.5707963268
28      3        2.3561944901       -1.5707963268
28      4        3.1415926535        0.0000000000
28      5        2.3561944901        1.5707963268
28      6        1.5707963268        1.5707963268
28      7        0.7853981634        1.5707963268
28      8        0.0000000000       -1.5707963268
28      9        0.7853981634       -1.5707963268
28     10        1.5707963268       -1.5707963268
28     11        2.3561944901       -1.5707963268
28     12        3.1415926535        0.0000000000
28     13        2.3561944901        1.5707963268
28     14        1.5707963268        1.5707963268
28     15        0.7853981634        1.5707963268
28     16        0.0000000000       -1.5707963268
28     17        0.7853981634       -1.5707963268
28     18        1.5707963268       -1.5707963268
28     19        2.3561944901       -1.5707963268
28     20        3.1415926535        0.0000000000
28     21        2.3561944901        1.5707963268
28     22        1.5707963268        1.5707963268
28     23        0.7853981634        1.5707963268
28     24        0.0000000000       -1.5707963268
28     25        0.7853981634       -1.5707963268
28     26        1.5707963268       -1.5707963268
28     27        2.3561944901       -1.5707963268
28     28        3.1415926535        0.0000000000
28     29        2.3561944901        1.5707963268
28     30        1.5707963268        1.5707963268
28     31        0.7853981634        1.5707963268
28     32        0.0000000000       -1.5707963268

29      0        0.0000000000       -1.3258176637
29      1        0.6579455871       -1.2490457724
29      2        1.3853889708       -1.1071487178
29      3        2.0308719190       -0.7853981634
29      4        2.3561944901        0.0000000000
29      5        2.0308719190        0.7853981634
29      6        1.3853889708        1.1071487178
29      7        0.6579455871        1.2490457724
29      8        0.0000000000       -1.3258176637
29      9        0.6579455871       -1.2490457724
29     10        1.3853889708       -1.1071487178
29     11        2.0308719190       -0.7853981634
29     12        2.3561944901        0.0000000000
29     13        2.0308719190        0.7853981634
29     14        1.3853889708        1.1071487178
29     15        0.6579455871        1.2490457724
29     16        0.0000000000       -1.3258176637
29     17        0.6579455871       -1.2490457724
29     18        1.3853889708       -1.1071487178
29     19        2.0308719190       -0.7853981634
29     20        2.3561944901        0.0000000000
29     21        2.0308719190        0.7853981634
29     22        1.3853889708        1.1071487178
29     23        0.6579455871        1.2490457724
29     24        0.0000000000       -1.3258176637
29     25        0.6579455871       -1.2490457724
29     26        1.3853889708       -1.1071487178
29     27        2.0308719190       -0.7853981634
29     28        2.3561944901        0.0000000000
29     29        2.0308719190        0.7853981634
29     30        1.3853889708        1.1071487178
29     31        0.6579455871        1.2490457724
29     32        0.0000000000       -1.3258176637

30      0        0.0000000000       -1.1071487178
30      1        0.3097993038       -0.9827937232
30      2        0.9201511845       -0.7853981634
30      3        1.3853889708       -0.4636476090
30      4        1.5707963268        0.0000000000
30      5        1.3853889708        0.4636476090
30      6        0.9201511845        0.7853981634
30      7        0.3097993038        0.9827937232
30      8        0.0000000000       -1.1071487178
30      9        0.3097993038       -0.9827937232
30     10        0.9201511845       -0.7853981634
30     11        1.3853889708       -0.4636476090
30     12        1.5707963268        0.0000000000
30     13        1.3853889708        0.4636476090
30     14        0.9201511845        0.7853981634
30     15        0.3097993038        0.9827937232
30     16        0.0000000000       -1.1071487178
30     17        0.3097993038       -0.9827937232
30     18        0.9201511845       -0.7853981634
30     19        1.3853889708       -0.4636476090
30     20        1.5707963268        0.0000000000
30     21        1.3853889708        0.4636476090
30     22        0.9201511845        0.7853981634
30     23        0.3097993038        0.9827937232
30     24        0.0000000000       -1.1071487178
30     25        0.3097993038       -0.9827937232
30     26        0.9201511845       -0.7853981634
30     27        1.3853889708       -0.4636476090
30     28        1.5707963268        0.0000000000
30     29        1.3853889708        0.4636476090
30     30        0.9201511845        0.7853981634
30     31        0.3097993038        0.9827937232
30     32        0.0000000000       -1.1071487178

31      0        0.0000000000       -0.9272952180
31      1        0.0000000000       -0.7853981634
31      2        0.3097993038       -0.5880026035
31      3        0.6579455871       -0.3217505544
31      4        0.7853981634        0.0000000000
31      5        0.6579455871        0.3217505544
31      6        0.3097993038        0.5880026035
31      7        0.0000000000        0.7853981634
31      8        0.0000000000       -0.9272952180
31      9        0.0000000000       -0.7853981634
31     10        0.3097993038       -0.5880026035
31     11        0.6579455871       -0.3217505544
31     12        0.7853981634        0.0000000000
31     13        0.6579455871        0.3217505544
31     14        0.3097993038        0.5880026035
31     15        0.0000000000        0.7853981634
31     16        0.0000000000       -0.9272952180
31     17        0.0000000000       -0.7853981634
31     18        0.3097993038       -0.5880026035
31     19        0.6579455871       -0.3217505544
31     20        0.7853981634        0.0000000000
31     21        0.6579455871        0.3217505544
31     22        0.3097993038        0.5880026035
31     23        0.0000000000        0.7853981634
31     24        0.0000000000       -0.9272952180
31     25        0.0000000000       -0.7853981634
31     26        0.3097993038       -0.5880026035
31     27        0.6579455871       -0.3217505544
31     28        0.7853981634        0.0000000000
31     29        0.6579455871        0.3217505544
31     30        0.3097993038        0.5880026035
31     31        0.0000000000        0.7853981634
31     32        0.0000000000       -0.9272952180

32      0        0.0000000000       -2.3561944902
32      1        0.0000000000       -2.4980915448
32      2        0.0000000000       -2.6779450446
32      3        0.0000000000       -2.8966139905
32      4        0.0000000000        3.1415926536
32      5        0.0000000000        2.8966139905
32      6        0.0000000000        2.6779450446
32      7        0.0000000000        2.4980915448
32      8        0.0000000000       -2.3561944902
32      9        0.0000000000       -2.4980915448
32     10        0.0000000000       -2.6779450446
32     11        0.0000000000       -2.8966139905
32     12        0.0000000000        3.1415926536
32     13        0.0000000000        2.8966139905
32     14        0.0000000000        2.6779450446
32     15        0.0000000000        2.4980915448
32     16        0.0000000000       -2.3561944902
32     17        0.0000000000       -2.4980915448
32     18        0.0000000000       -2.6779450446
32     19        0.0000000000       -2.8966139905
32     20        0.0000000000        3.1415926536
32     21        0.0000000000        2.8966139905
32     22        0.0000000000        2.6779450446
32     23        0.0000000000        2.4980915448
32     24        0.0000000000       -2.3561944902
32     25        0.0000000000       -2.4980915448
32     26        0.0000000000       -2.6779450446
32     27        0.0000000000       -2.8966139905
32     28        0.0000000000        3.1415926536
32     29        0.0000000000        2.8966139905
32     30        0.0000000000        2.6779450446
32     31        0.0000000000        2.4980915448
32     32        0.0000000000       -2.3561944902
